A,B,C
40.03,25.2,34.77
21.08,25.12,53.8
19.12,35.6,45.28
30.37,34.97,34.66
24.46,32.05,43.48
41.44,25.64,32.92
24.66,35.5,39.84
28.1,39.52,32.38
33.31,29.74,36.95
35.79,28.57,35.64
27.1,36.61,36.28
26.55,37.3,36.15
33.69,29.95,36.36
32.48,32.32,35.2
32.15,34.55,33.3
28.18,35.04,36.79
34.05,35.58,30.37
29.51,34.33,36.16
31.85,32.18,35.97
31.08,37.46,31.47
32.48,32.32,35.2
